63546
63547
63586
63547
63585
63547
63547
63570
63560
63555
63548
63548
63593
63592
63590
63571
63549
63593
63590
63571
63549
63554
63550
63571
63561
63551
63561
63551
63592
63571
63561
63551
63552
63553
63554
63555
63556
63557
63558
63559
63560
63561
63562
63575
63563
63564
63565
63574
63566
63567
63568
63569
63570
63570
8787
63593
63592
63590
63571
63572
63573
63574
63575
63576
63577
63578
63579
63580
63581
8925
63581
63582
63583
63583
14977
63584
63585
63586
63587
63588
63589
63593
63590
63591
63592
8912
163
12813
17758
8925
8933
11092
11103
11112
19412
78947
78948
78949
78950
78951
78952
78953
78954
78955
78956
78957
78958
78959
78960
78961
78962
78963
78964
78965
78966
78967
78968
78969
78970
78971
78972
8912
163
12813
17758
8925
8933
14977
8787
11092
11103
11112
19412
8912
163
12813
17758
8925
8933
14977
8787
11092
11103
11112
19412
77563
77575
77568
77564
77604
77587
77575
77564
77604
77600
77587
77575
77564
77565
77584
77574
77566
77572
77566
77566
77584
77574
77572
77566
77567
77601
77568
77569
77570
77571
77602
77571
77572
77599
77593
77573
77599
77573
77573
77584
77574
77574
77576
77595
77592
77590
77577
77577
77586
77578
77603
77599
77593
77578
77579
77580
77581
77582
77595
77592
77582
77583
77585
77583
77603
77584
77586
77604
77587
77588
77588
8787
77608
77588
77589
77591
77595
77592
77593
77594
77595
77599
77596
77596
77597
77597
14977
77598
77599
77600
77604
77600
77601
77602
77610
77603
77605
77606
77607
77608
77609
8912
163
12813
17758
8925
8933
11092
11103
11112
19412
53562
53579
53578
53563
53576
53565
53563
53578
53563
53579
53563
53564
53592
53569
53564
53601
53579
53564
53565
53576
53565
53566
53581
53566
53567
53568
53569
53570
53571
53573
53572
53572
53573
53574
53575
53576
53577
53578
53579
53580
53582
53583
53596
53589
53583
53596
53583
53584
53585
53586
53587
53588
53593
53589
53596
53589
53590
53591
53592
53594
53595
53596
53597
53598
53599
53600
53601
53602
53603
53604
53605
53606
53607
53608
53609
8912
163
12813
17758
8925
8933
14977
8787
11092
11103
11112
19412
74266
74313
74284
74266
74313
74284
74273
74266
74267
74278
74268
74268
74269
74270
74271
74272
74273
74290
74273
74274
74287
74275
74275
74292
74276
74313
74290
74276
74313
74301
74299
74290
74276
74277
74278
74287
74278
74297
74279
74279
74280
74281
74282
74283
74286
74285
74286
74287
74288
74289
74291
74312
74291
74293
74294
74295
74296
74297
74298
74299
74299
8787
74300
74301
74302
74303
74304
74305
74306
74307
74308
74309
74310
74311
74312
74313
8912
163
12813
17758
8925
8933
14977
11092
11103
11112
19412
63692
63693
63714
63707
63694
63694
63695
63696
63697
63715
63698
63698
63702
63698
63699
63717
63700
63701
63702
63703
63702
63703
63704
63705
63706
63707
63708
63709
63710
63711
63712
63713
63715
63716
63717
63718
63719
8912
163
12813
17758
8925
8933
14977
8787
11092
11103
11112
19412
77700
77699
77699
77700
77701
77706
77701
77702
77703
77704
77705
77706
77707
77708
77709
77710
77716
77711
77711
77712
77713
77714
77715
77716
77717
77718
8912
163
12813
17758
8925
8933
14977
8787
11092
11103
11112
19412
77651
77651
8787
77673
77670
77666
77651
77653
77652
77653
77679
77654
77656
77655
77666
77657
77684
77659
77658
77684
77658
77659
77660
77661
77662
77663
77664
77665
77666
77670
77666
77667
77668
77669
77671
77689
77687
77671
77672
77673
77674
77682
77675
77676
77678
77677
77688
77677
77678
77680
77681
77683
77684
77685
77686
77687
77688
77690
77691
77692
77694
77693
77695
77696
77697
77698
8912
163
12813
17758
8925
8933
14977
11092
11103
11112
19412
77024
77016
76981
76988
76982
76983
76984
77009
77004
76985
77009
76985
76997
76985
77004
76985
76986
77025
76986
77023
76987
76988
77015
76988
76989
76990
76991
77017
76991
76992
77025
76992
77010
76992
77017
76996
76993
76996
76993
76994
8925
76994
76995
76996
77017
76996
77008
76997
76997
76998
77022
76998
76999
77000
77001
77020
77002
77002
77003
77004
77009
77004
77005
77006
77007
77008
77009
77010
77011
77012
77013
77014
77015
77016
77017
77018
77019
77021
77022
77023
77027
77023
77025
77026
77027
77028
8912
163
12813
17758
8925
8933
14977
8787
11092
11103
11112
19412
76957
76959
76957
76958
76959
76960
76961
76962
76963
76964
8912
163
12813
17758
8925
8933
14977
8787
11092
11103
11112
19412
75290
75291
75292
75310
75309
75304
75292
75310
75309
75292
75293
75294
75295
75326
75295
75299
75295
75331
75316
75296
75296
75297
75298
75299
75300
75301
75302
75303
75308
75303
75308
75305
75314
75305
75306
75307
75308
75309
75311
75312
75313
75336
75313
75314
75315
75317
75318
75335
75334
75319
75320
75321
75322
75323
75324
75325
75326
75327
75328
75329
75330
75331
75332
75333
75335
75337
8912
163
12813
17758
8925
8933
14977
8787
11092
11103
11112
19412
76459
76479
76460
76460
76461
76470
76461
76462
76463
76484
76463
76489
76464
76465
76466
76467
76468
76469
76470
76471
76472
76473
76474
76489
76474
76475
76476
76477
76478
76480
76481
76482
76483
76485
76486
76487
76488
76490
8912
163
12813
17758
8925
8933
14977
8787
11092
11103
11112
19412
73601
73599
73599
73609
73609
73605
73607
73607
73614
73615
73614
73614
8787
73622
73591
73622
73606
73617
73617
73598
73617
73598
73588
73598
73598
73602
73593
73621
73597
73587
73592
73590
73594
73596
73618
73618
14977
73588
73623
73608
73610
73603
73620
73619
73611
73615
73612
73615
73604
73604
73616
73613
73600
73624
73591
73589
73595
8912
163
12813
17758
8925
8933
11092
11103
11112
19412
73541
73539
73540
73583
73573
73568
73551
73541
73575
73554
73541
73576
73568
73551
73542
73576
73542
73542
73543
73561
73544
73545
73546
73547
73584
73581
73577
73574
73548
73549
73575
73549
73581
73550
73551
73583
73573
73568
73551
73552
73563
73552
73574
73559
73553
73580
73575
73554
73554
73555
73576
73555
73556
73580
73557
73558
73559
73560
73566
73560
73562
73563
73564
73565
73567
73569
73570
73571
73572
73573
73574
73580
73575
73576
73577
73578
73585
73582
73578
73579
73582
73584
73585
73585
8787
73586
8912
163
12813
17758
8925
8933
14977
11092
11103
11112
19412
73876
73877
73889
73898
73881
73878
73889
73923
73920
73898
73881
73878
73879
73902
73881
73880
73902
73901
73881
73880
73902
73881
73902
73888
73881
73882
73883
73884
73885
73886
73914
73898
73886
73914
73886
73887
73915
73888
73888
73889
73918
73907
73890
73891
73892
73893
73894
73895
73896
73897
73899
73900
73903
73904
73905
73906
73907
73908
73909
73910
73911
73912
73913
73914
73915
73916
73917
73919
73920
73921
73922
73923
8912
163
12813
17758
8925
8933
14977
8787
11092
11103
11112
19412
73151
73186
73152
73152
73172
73158
73152
73153
73161
73153
73154
73155
73156
73157
73158
73175
73159
73159
73196
73159
73160
73161
73162
73186
73162
73185
73163
73163
73189
73164
73164
73165
73166
73179
73166
73170
73167
73168
73169
73170
73171
73184
73183
73171
73172
73173
73174
73195
73174
73175
73176
73180
73177
73177
73178
73179
73180
73181
73182
73183
73184
73185
73186
73187
73188
73189
73190
73191
73192
73193
73194
73195
73196
73197
73198
8912
163
12813
17758
8925
8933
14977
8787
11092
11103
11112
19412
73055
73078
73070
73055
73056
73057
73058
73059
73070
73059
73060
73070
73060
73078
73060
73061
73062
73084
73063
73064
73065
73066
73067
73068
73069
73070
73078
73070
73071
73072
73089
73080
73072
73073
73095
73079
73074
73095
73074
73074
73077
73074
73075
73076
73092
73077
73079
73077
73077
73078
73101
73078
73080
73080
8787
73081
73098
73086
73082
73083
73084
73100
73084
73085
73087
73088
73089
73090
73091
73092
73093
73094
73096
73097
73098
73099
73100
73101
73102
8912
163
12813
17758
8925
8933
14977
11092
11103
11112
19412
72593
72624
72593
72598
72594
72624
72595
72595
72596
72620
72597
72597
72599
72600
72629
72600
72601
72602
72603
72604
72605
72619
72615
72610
72605
72606
72607
72608
72609
72610
72627
72611
72612
72613
72631
72614
72615
72615
8787
72616
72616
14977
72617
72618
72632
72618
72619
72620
72621
72622
72623
72624
72635
72625
72626
72627
72628
72629
72630
72632
72633
72634
72636
72637
72638
72639
72640
8912
163
12813
17758
8925
8933
11092
11103
11112
19412
72135
72136
72137
72138
72139
72152
72140
72182
72140
72141
72142
72143
72144
72163
72144
72165
72144
72145
72146
72147
72148
72149
72149
14977
72150
72151
72152
72165
72153
72166
72153
72153
72166
72165
72153
72154
72155
72156
72157
72158
72159
72171
72159
72160
72161
72160
72162
72163
72164
72165
72166
72167
72168
72169
72170
72172
72173
72174
72175
72176
72177
72178
72179
72180
72181
8912
163
12813
17758
8925
8933
8787
11092
11103
11112
19412
72411
72412
72413
72450
72413
72454
72450
72432
72413
72418
72414
72414
72428
72414
72415
72416
72449
72417
72418
72419
72420
72443
72420
72421
72422
72423
72424
72437
72425
72425
72426
72427
72428
72452
72429
72430
72451
72431
72431
72446
72431
72432
72432
8787
72433
72434
72435
72436
72437
72438
72450
72448
72439
72448
72439
72439
72440
72441
72442
72443
72444
72445
72447
72448
72456
72448
72449
72452
72453
72454
72455
72457
72458
8912
163
12813
17758
8925
8933
14977
11092
11103
11112
19412
71941
71942
71943
71987
71949
71943
71949
71943
71944
71945
71984
71946
71947
71948
71967
71949
71949
71950
71963
71957
71950
71951
71952
71953
71954
71955
71956
71957
71957
8787
71958
71959
71960
71961
71962
71963
71964
71965
71966
71967
71968
71969
71970
71971
71972
71973
71974
71987
71975
71976
71975
71977
71978
71979
71980
71981
71982
71983
71984
71985
71986
71988
8912
163
12813
17758
8925
8933
14977
11092
11103
11112
19412
72789
72813
72790
72791
72809
72791
72792
72804
72793
72793
72794
72795
72796
72814
72797
72827
72823
72805
72798
72825
72804
72799
72799
72800
72836
72801
72802
72803
72804
72828
72805
72806
72807
72808
72810
72811
72812
72814
72815
72816
72817
72818
72819
72820
72821
72822
72823
72824
72825
72826
72827
72828
72829
72830
72831
72832
72833
72834
72835
8912
163
12813
17758
8925
8933
14977
8787
11092
11103
11112
19412
71839
72934
71840
74848
71840
71841
71842
72933
72934
74841
72934
74836
74836
14977
74837
74838
74839
8925
74839
74840
74842
77562
74843
74843
74844
74845
74846
74847
74848
74849
77561
77562
78729
78730
8912
163
12813
17758
8925
8933
8787
11092
11103
11112
19412
69079
69105
69098
69096
69079
69105
69109
69111
69098
69096
69079
69089
69081
69105
69111
69098
69096
69081
69079
69089
69085
69080
69080
69082
69083
69084
69085
69111
69105
69096
69085
69086
69087
69088
69089
69101
69090
69090
69091
69092
69093
69094
69095
69096
69097
69099
69100
69099
69100
69101
69102
69103
69104
69105
69106
69107
69108
69109
69110
69112
69113
69114
69113
69114
69115
69116
69117
69118
69119
69120
69121
69122
69123
69124
69125
69125
14977
69126
8912
163
12813
17758
8925
8933
8787
11092
11103
11112
19412
16263
16303
16264
16264
16265
16266
16267
16268
16269
16270
16271
16273
16272
16273
16274
16275
16276
16276
14977
16277
16299
16277
16284
16277
16278
16279
16280
16281
16282
16283
16284
16285
16286
16287
16288
16289
16290
16291
16292
16293
16294
16295
16296
16297
16298
16299
16300
16301
16302
16303
16307
16303
16304
16305
16306
8925
16306
16307
16308
16309
16310
19563
8912
163
12813
17758
8925
8933
8787
11092
11103
11112
19412
66634
66644
66644
14977
66649
8912
163
12813
17758
8925
8933
8787
11092
11103
11112
19412
66359
66378
66360
66375
66360
66361
66362
66386
66369
66362
66377
66363
66364
66365
66366
66366
8787
66389
66373
66366
66367
66388
66368
66386
66369
66370
66371
66372
66401
66372
66373
66374
66374
14977
66375
66386
66375
66376
66378
66379
66380
66381
66382
66383
66384
66385
66386
66387
66388
66389
66390
66391
66392
66393
66394
66395
66396
66397
66398
66399
66400
66402
66403
66404
66405
66406
8912
163
12813
17758
8925
8933
11092
11103
11112
19412
65937
65970
65938
65965
65959
65958
65942
65938
65944
65942
65939
65975
65939
65951
65940
65940
65951
8787
65969
65951
65940
65941
65965
65959
65942
65959
65944
65942
65965
65959
65958
65944
65942
65958
65942
65943
65959
65944
65945
65946
65957
65947
65947
65948
65949
65950
65978
65952
65953
65954
65955
65956
65957
65958
65959
65960
65961
65962
65963
65963
14977
65964
65965
65966
65967
65968
65969
65971
65972
65973
65974
65976
65977
65979
65980
65981
65982
65983
65984
8912
163
12813
17758
8925
8933
11092
11103
11112
19412
64409
64410
64410
8787
64423
64416
64410
64411
64412
64413
64414
64420
64415
64415
64416
64417
64418
64429
64422
64419
64419
64431
64429
64422
64419
64425
64420
64421
64422
64423
64424
64425
64426
64427
64428
64430
64431
64432
8912
163
12813
17758
8925
8933
14977
11092
11103
11112
19412
65747
65743
65743
65770
65763
65744
65743
65779
65757
65743
65779
65743
65744
65763
65744
65763
65748
65744
65788
65745
65782
65746
65746
65747
65748
65752
65749
65789
65752
65749
65789
65783
65752
65749
65750
65751
65762
65751
65789
65752
65789
65783
65752
65753
65754
65790
65775
65754
65755
65756
65757
65779
65757
65758
65776
65758
65759
65760
65761
65769
65761
65763
65772
65763
65764
65765
65766
65767
65767
14977
65768
65769
65779
65770
65771
65772
65773
65774
65790
65775
65775
65775
8787
65776
65777
65778
65779
65780
65781
65783
65784
65785
65786
65787
65790
8912
163
12813
17758
8925
8933
11092
11103
11112
19412
65428
65427
65427
65428
65429
65430
65430
8787
65431
65432
65438
65432
65433
65434
65435
65436
65437
65438
8912
163
12813
17758
8925
8933
14977
11092
11103
11112
19412
65061
65062
65063
65064
65070
65065
65065
65066
65067
65068
65069
65070
65071
65072
8912
163
12813
17758
8925
8933
14977
8787
11092
11103
11112
19412
64159
64160
64161
64162
64163
64164
64165
64166
64167
64168
64169
64170
64171
64172
64173
64174
64175
64176
64177
64178
64179
64180
64181
64182
64183
64184
64185
64186
64187
64188
64189
64190
64191
64192
64193
64194
64195
64196
64197
64198
64199
64200
64201
64202
64203
64204
64205
64206
64207
8912
163
12813
17758
8925
8933
14977
8787
11092
11103
11112
19412
8912
163
12813
17758
8925
8933
14977
8787
11092
11103
11112
19412
8912
163
12813
17758
8925
8933
14977
8787
11092
11103
11112
19412
62790
62798
62791
62809
62795
62791
62826
62809
62795
62791
62792
62809
62795
62792
62809
62796
62795
62792
62819
62792
62793
62810
62794
62794
62795
62825
62809
62795
62796
62797
62799
62800
62801
62802
62803
62804
62804
14977
62805
62806
62807
62808
62836
62808
62836
62829
62808
62809
62810
62811
62812
62813
62814
62815
62816
62817
62818
62819
62835
62819
62820
62821
62822
62823
62823
8787
62830
62824
62823
62824
62825
62826
62827
62828
62829
62830
62831
62832
62833
62834
62835
62837
8912
163
12813
17758
8925
8933
11092
11103
11112
19412
63426
63427
63428
63429
63439
63437
63429
63430
63431
63432
63433
63434
63435
63437
63436
8925
63437
63436
63436
63439
63437
63437
63439
8787
63438
63440
63441
63442
63443
63444
63445
8912
163
12813
17758
8925
8933
14977
11092
11103
11112
19412
62936
62937
62939
62938
62939
62940
62941
62942
62949
62942
62943
62944
62945
62946
62947
62948
62950
62951
62952
62953
62954
62955
8912
163
12813
17758
8925
8933
14977
8787
11092
11103
11112
19412
62052
62053
62054
62055
62056
62057
62058
62059
8912
163
12813
17758
8925
8933
14977
8787
11092
11103
11112
19412
62296
8925
62296
62319
62297
62313
62297
62297
62311
62298
62298
62299
62300
62301
62301
14977
62302
62317
62303
62303
62304
62305
62313
62305
62313
62306
62307
62308
62309
62310
62311
62312
62313
62316
62314
62314
62315
62316
62318
62320
62321
62322
62323
8912
163
12813
17758
8925
8933
8787
11092
11103
11112
19412
61822
61864
61822
61826
61822
61864
61862
61822
61823
61861
61824
61825
61826
61841
61826
61827
61828
61829
61830
61831
61832
61833
61833
14977
61850
61848
61834
61834
61850
61834
61853
61850
61848
61834
61835
61847
61836
61837
61856
61837
61858
61851
61838
61839
61840
61842
61841
61855
61843
61843
61844
61845
61857
61846
61849
61847
61847
61848
61853
61850
61848
61849
61853
61850
61850
61851
61852
61853
61854
61857
61858
61859
61860
61861
61862
61863
61865
61866
61867
61868
61869
8912
163
12813
17758
8925
8933
8787
11092
11103
11112
19412
62128
62137
62128
62129
62130
62131
62132
62133
62144
62133
62134
62135
62136
62137
62138
62139
62140
62141
62142
62143
62145
62146
62147
62148
62149
8912
163
12813
17758
8925
8933
14977
8787
11092
11103
11112
19412
60743
60771
60767
60765
60758
60744
60771
60767
60765
60744
60758
11112
60781
60778
60758
60751
60744
60781
60751
60744
60745
60746
60760
60747
60747
60759
60748
60748
60768
60749
60749
60750
60781
60778
60751
60778
60751
60751
60752
60761
60753
60753
8925
60753
60774
60756
60754
60754
60755
60784
60755
60756
60780
60756
60762
60757
60758
60759
60760
60761
60785
60761
60790
60788
60786
60785
60761
60762
60763
60764
60765
60766
60766
11103
60766
11092
60767
60787
60767
60768
60769
60773
60770
60770
60771
60772
60773
60774
60775
60776
60777
60778
60779
60780
60781
60782
60783
60786
60787
60788
60789
60790
8912
163
12813
17758
8925
8933
14977
8787
19412
60681
60682
60683
60684
60685
60686
60693
60686
60687
60688
60689
60690
60691
60692
60693
60694
8912
163
12813
17758
8925
8933
14977
8787
11092
11103
11112
19412
8912
163
12813
17758
8925
8933
14977
8787
11092
11103
11112
19412
60257
60258
60258
19412
60259
60263
60259
60260
60261
60262
60263
8925
60263
60264
60265
60266
8912
163
12813
17758
8925
8933
14977
8787
11092
11103
11112
19412
56771
56772
56773
56774
56775
56776
56777
56778
8912
163
12813
17758
8925
8933
14977
8787
11092
11103
11112
19412
59993
59994
59995
59996
59997
59998
59999
60000
60001
60002
60003
60004
8912
163
12813
17758
8925
8933
14977
8787
11092
11103
11112
19412
53646
53647
53648
53664
53648
53649
53650
53650
14977
53669
53651
53652
53653
53661
53659
53653
53677
53654
53655
53656
53657
53658
53659
53660
53661
53662
53663
53665
53663
53664
53665
53666
53690
53667
53667
53668
53684
53668
53670
53671
53672
53673
53674
53675
53676
53677
53678
53679
53680
53681
53682
53683
53684
53685
53686
53687
53688
53689
53690
53691
53692
53693
8912
163
12813
17758
8925
8933
8787
11092
11103
11112
19412
58584
58585
58586
58587
58588
58589
58590
58591
8912
163
12813
17758
8925
8933
14977
8787
11092
11103
11112
19412
57488
57530
57528
57512
57502
57488
57489
57522
57490
57490
57491
57508
57491
57492
57531
57507
57504
57493
57527
57494
57519
57495
57496
57497
57498
57499
57500
57501
57503
57501
57527
57503
57501
57502
57503
57504
57531
57504
57505
57506
57507
57508
57509
57519
57509
57510
57511
57512
57519
57513
57514
57515
57516
57517
57518
57521
57520
57521
57522
57523
57529
57526
57524
57524
57525
57526
57528
57529
57530
57532
57533
57534
57535
8912
163
12813
17758
8925
8933
14977
8787
11092
11103
11112
19412
59192
59193
59194
59693
59194
59195
62771
62433
61630
59196
8925
62771
62433
61630
59196
59196
59197
59641
59642
59693
59694
69191
59909
61631
59909
59909
59910
60525
60526
60526
14977
61164
61165
61630
61631
61966
61967
62432
62771
62770
62433
62433
62771
62934
62935
63922
64531
63922
63923
64531
64532
65409
65410
65653
65654
66249
69926
69925
68530
66249
66250
66431
66432
66908
66909
67610
67611
67612
67613
68529
69925
68530
69191
69192
69925
69926
8912
163
12813
17758
8925
8933
8787
11092
11103
11112
19412
58229
58230
58230
8787
58231
58232
58233
58232
58256
58235
58233
58234
58273
58236
58275
58256
58236
58237
58265
58238
58238
58239
58240
58239
58241
58242
58243
58244
58245
58258
58246
58247
58248
58249
58250
58251
58252
58253
58254
58263
58254
58255
58256
58257
58258
58259
58260
58261
58262
58263
58264
58265
58266
58268
58266
58267
58269
58270
58271
58272
58273
58274
58275
58276
8912
163
12813
17758
8925
8933
14977
11092
11103
11112
19412
58656
58657
58658
58659
58660
58661
58662
58663
8912
163
12813
17758
8925
8933
14977
8787
11092
11103
11112
19412
58731
58732
58733
58734
58735
61730
61731
61732
61733
61734
8912
163
12813
17758
8925
8933
14977
8787
11092
11103
11112
19412
50596
50597
50598
50637
50635
50616
50604
50598
50638
50618
50599
50600
50601
50602
50603
50620
50603
50620
50608
50603
50636
50626
50604
50604
50633
50605
50605
50606
50641
50627
50606
50607
50639
50621
50609
50610
50623
50610
50627
50611
50611
50612
50613
50614
50615
50616
50616
8787
50617
50618
50622
50619
50622
50624
50625
50626
50641
50627
50628
50629
50630
50631
50632
50634
50635
50637
50639
50640
50642
50643
8912
163
12813
17758
8925
8933
14977
11092
11103
11112
19412
57279
57280
57281
57289
57290
57291
57292
57293
8912
163
12813
17758
8925
8933
14977
8787
11092
11103
11112
19412
56996
56992
56992
56993
56994
56995
56996
56997
56998
56999
8912
163
12813
17758
8925
8933
14977
8787
11092
11103
11112
19412
18343
18344
18368
18345
18346
18347
18383
18347
18348
18349
18350
18351
18352
18386
18367
18353
18354
18355
18375
18355
18357
18356
18356
18358
18359
18360
18360
8787
18373
18360
18366
18361
18362
18363
18364
18365
18370
18367
18369
18371
18372
18373
18374
18375
18376
18377
18378
18379
18380
18381
18382
18383
18384
18385
18387
18388
18389
18390
19570
8912
163
12813
17758
8925
8933
14977
11092
11103
11112
19412
53745
53766
53765
53761
53753
53745
53746
53747
53748
53791
53749
53749
53750
53761
53751
53751
53752
53776
53766
53753
53754
53755
53756
53778
53777
53756
53757
53758
53759
53760
53761
53762
53763
53764
53765
53766
53779
53776
53766
53775
53767
53767
53768
53769
53770
53771
53771
14977
53772
53773
53774
53775
53776
53779
53776
53777
53778
53779
53780
53781
53782
53783
53784
53785
53786
53787
53788
53789
53790
53791
53792
8912
163
12813
17758
8925
8933
8787
11092
11103
11112
19412
54129
54140
54127
54128
54130
54131
54134
54132
54131
54134
54132
54133
54133
14977
54134
54135
54136
54137
54138
54139
54140
54141
54142
54146
54142
54143
54144
54145
54146
8912
163
12813
17758
8925
8933
8787
11092
11103
11112
19412
19558
18945
18958
18956
18946
18947
18955
18947
18948
18949
18950
18951
18952
18953
18954
18957
18959
18960
18980
18961
18985
18961
18962
18962
8787
18991
18962
18963
18964
18965
18966
18967
18968
18969
18970
18971
18972
18973
18974
18975
18976
18977
18978
18979
18980
18981
18982
18990
18983
18984
18986
18987
18988
18989
18990
18991
18992
8912
163
12813
17758
8925
8933
14977
11092
11103
11112
19412
53910
53911
53912
53913
53914
53915
53916
53917
8912
163
12813
17758
8925
8933
14977
8787
11092
11103
11112
19412
8912
163
12813
17758
8925
8933
14977
8787
11092
11103
11112
19412
53542
53543
53545
53543
53544
53546
8912
163
12813
17758
8925
8933
14977
8787
11092
11103
11112
19412
970
971
971
8787
972
973
974
998
975
976
977
978
979
980
981
982
983
984
985
986
987
988
1005
989
990
991
992
993
994
995
996
997
999
1000
1001
1002
1003
1004
1006
1007
1008
1009
1010
1011
1012
1013
1014
1015
1016
1017
8912
163
12813
17758
8925
8933
14977
11092
11103
11112
19412
6329
6331
6330
6331
6332
6338
6332
6333
6334
6335
8787
6335
6336
6337
6339
6340
6341
6342
14977
6342
6343
6344
6345
6346
6347
6348
6349
6350
6351
6352
6353
6354
6355
6356
6357
6358
6359
6360
6375
6361
6361
6362
6363
8925
6363
6364
6365
6366
6367
6368
6369
6370
6371
6372
6373
6374
6376
19575
8912
163
12813
17758
8925
8933
11092
11103
11112
19412
7464
7465
19571
7466
7466
7467
7469
7468
7468
7469
7471
7469
7470
8925
7470
7472
7473
7474
7492
7475
7476
7477
7478
7508
7478
7479
7480
7481
7482
7483
7495
7483
7498
7483
7484
7508
7494
7492
7485
7486
7486
14977
7487
7488
7489
7490
7491
7493
7494
7495
7496
7497
7498
7499
7500
7501
7502
7503
7504
7505
7506
7507
7508
7509
7510
7511
19571
8912
163
12813
17758
8925
8933
8787
11092
11103
11112
19412
8912
163
12813
17758
8925
8933
14977
8787
11092
11103
11112
19412
8912
163
12813
17758
8925
8933
14977
8787
11092
11103
11112
19412
51452
51453
51454
51455
51470
51455
51465
51455
51456
51457
51458
51459
51460
51461
51462
51463
51464
51466
51467
51468
51468
14977
51469
51470
51471
51472
51473
51474
51494
51475
51476
51477
51478
51479
51480
8925
51480
51496
51481
51482
51483
51484
51485
51490
51485
51486
51489
51487
51488
51489
51491
51492
51493
51494
51495
51496
51497
51498
51499
8912
163
12813
17758
8925
8933
8787
11092
11103
11112
19412
53368
53393
53377
53368
53377
53368
53369
53370
53371
53389
53371
53372
53389
53385
53376
53373
53376
53373
53373
53389
53379
53376
53373
53374
53374
14977
53375
53380
53375
53376
53377
53378
53388
53378
53388
53379
53380
53381
53382
53383
53384
53385
53386
53387
53388
53389
53390
53391
53392
53393
53394
53395
8912
163
12813
17758
8925
8933
8787
11092
11103
11112
19412
66
73
66
89
63
75
53
75
86
75
71
86
56
86
50
68
59
58
58
57
65
59
54
59
79
67
83
83
70
73
77
55
77
88
87
49
54
76
54
56
67
73
62
55
51
55
51
55
57
72
69
61
60
90
60
64
81
84
79
96
74
78
52
80
69
82
53
69
94
90
91
85
92
93
95
76
19657
8912
163
12813
17758
8925
8933
14977
8787
11092
11103
11112
19412
51604
51605
51604
51605
51606
51607
51607
8787
51608
51609
51609
14977
51610
51611
8912
163
12813
17758
8925
8933
11092
11103
11112
19412
8912
163
12813
17758
8925
8933
14977
8787
11092
11103
11112
19412
51114
51115
51116
51117
51154
51118
51124
51119
51141
51119
51120
51121
51122
51123
51153
51131
51126
51123
51158
51123
51125
51126
51127
51128
51129
51130
51132
51133
51134
51160
51144
51134
51160
51134
51150
51140
51135
51139
51136
51136
51137
51138
51139
51138
51142
51143
51145
51146
51147
51148
51157
51148
51149
51156
51150
51151
51152
51153
51155
51156
51157
51158
51159
51161
8912
163
12813
17758
8925
8933
14977
8787
11092
11103
11112
19412
51073
51075
51074
51074
51075
51076
51077
51083
51077
51084
51077
51078
51078
14977
51079
51084
51079
51080
51081
51082
51083
51083
8787
8912
163
12813
17758
8925
8933
11092
11103
11112
19412
51259
51260
51261
51262
51263
51264
51267
51264
51265
51266
51266
14977
51267
51268
51269
51270
51279
51270
51271
51271
8787
51275
51271
51272
51273
51274
51275
51276
51277
51278
51279
51280
51281
51282
8912
163
12813
17758
8925
8933
11092
11103
11112
19412
13193
13210
13194
13194
13195
13196
13197
13198
13199
13200
13201
13202
13203
13204
13205
13212
13206
13207
13208
13209
13231
13209
13226
13209
13210
13210
14977
13211
13213
13214
13215
13221
13215
13216
13217
13218
13219
13220
13221
13222
13223
13224
13225
13226
13227
13228
13229
13230
13231
13232
8912
163
12813
17758
8925
8933
8787
11092
11103
11112
19412
8912
163
12813
17758
8925
8933
14977
8787
11092
11103
11112
19412
13602
13603
13638
13603
13604
13644
13607
13604
13605
13606
13606
14977
13607
13608
13609
13619
13611
13610
13619
13610
13611
13612
13613
13614
13615
13616
13617
13640
13632
13617
13618
13619
13624
13619
13640
13619
13620
13621
13622
13623
13624
13640
13633
13624
13640
13624
13625
13626
13632
13627
13627
13628
13629
13630
13631
13640
13632
13633
13634
13642
13634
13643
13634
13635
13636
13637
13638
13638
8787
13639
13640
13641
13642
13645
13646
13648
13646
13647
13649
19569
8912
163
12813
17758
8925
8933
11092
11103
11112
19412
21766
21772
21766
21767
21768
21769
21770
21771
21772
21773
21774
21775
21776
21777
21778
21779
21780
21781
21782
21783
21784
21785
21786
21787
21788
21789
8912
163
12813
17758
8925
8933
14977
8787
11092
11103
11112
19412
21542
51023
50357
21543
50356
50357
51023
51024
51553
51554
8912
163
12813
17758
8925
8933
14977
8787
11092
11103
11112
19412
21544
21756
21544
21545
21545
8787
21762
21758
21551
21545
21546
21547
21548
21549
21550
21551
21552
21553
21554
21555
21556
21557
21764
21558
21559
21754
21755
21756
21757
21758
21759
21760
21761
21762
21763
21764
21765
8912
163
12813
17758
8925
8933
14977
11092
11103
11112
19412
21148
21149
21150
21151
21152
21153
21154
21155
21156
21157
21157
14977
21158
21159
21160
21161
21162
21163
21163
8787
21167
21163
21164
21165
21166
21167
8912
163
12813
17758
8925
8933
11092
11103
11112
19412
11238
11239
11255
11241
11239
11256
11255
11254
11239
11240
11246
11240
11241
11255
11241
11242
11243
11244
11274
11244
11245
11247
11248
11249
11250
11249
11277
11250
11249
11251
11252
11253
11256
11255
11269
11259
11258
11257
11259
11257
11270
11258
11265
11259
11260
11261
11262
11263
11264
11266
11267
11268
11271
11268
11272
11274
11273
11273
11274
11275
11276
11277
11278
11279
11280
11281
11282
11283
11284
11285
19577
8912
163
12813
17758
8925
8933
14977
8787
11092
11103
11112
19412
20525
20526
20527
20528
20529
20530
20531
20532
20533
20534
20535
20536
20537
20538
20539
20540
8912
163
12813
17758
8925
8933
14977
8787
11092
11103
11112
19412
20503
20504
20519
20504
20505
20506
20507
20508
20509
20515
20509
20510
20511
20512
20513
20514
20516
20517
20518
20519
20520
20521
20522
20630
8912
163
12813
17758
8925
8933
14977
8787
11092
11103
11112
19412
20330
20331
20332
20333
20334
20335
20336
20337
20338
20339
20340
20341
20342
20343
20344
20345
20346
20347
20348
20349
20350
20351
20352
20353
20354
20355
20356
20357
8912
163
12813
17758
8925
8933
14977
8787
11092
11103
11112
19412
18928
18924
18897
18898
18899
18900
18900
8787
18940
18929
18900
18901
18918
18902
18937
18903
18904
18923
18904
18905
18943
18905
18921
18909
18907
18906
18907
18908
18909
18910
18911
18912
18913
18914
18915
18916
18917
18918
18919
18920
18922
18923
18925
18926
18927
18928
18929
18930
18931
18932
18933
18934
18935
18936
18938
18939
18940
18941
18942
18944
19651
8912
163
12813
17758
8925
8933
14977
11092
11103
11112
19412
19795
19772
19773
19774
19775
19776
19782
19785
19780
19778
19777
19776
19777
19778
19787
19785
19778
19779
19787
19779
19781
19782
19783
19784
19785
19786
19787
19788
19789
19790
19791
19792
19793
19794
8912
163
12813
17758
8925
8933
14977
8787
11092
11103
11112
19412
19666
19667
19668
19669
8912
163
12813
17758
8925
8933
14977
8787
11092
11103
11112
19412
19530
19531
19532
19533
19534
19535
19536
19537
8912
163
12813
17758
8925
8933
14977
8787
11092
11103
11112
19412
19514
19515
19516
19517
8912
163
12813
17758
8925
8933
14977
8787
11092
11103
11112
19412
57152
51113
50402
19411
19412
19413
19414
19415
19584
19797
54474
20012
20181
20279
20406
20406
14977
20549
20663
50290
20663
20732
20867
20972
21099
21216
21313
21402
21501
53966
21501
53694
21656
21753
50121
50290
50499
50824
50933
51022
8925
51022
51113
51258
51347
58018
51548
51548
51603
52913
53444
53541
53694
53858
53966
54327
54853
55295
55296
55297
56586
56807
57152
57735
58095
58481
58730
58869
8912
163
12813
17758
8925
8933
8787
11092
11103
11112
17722
17746
17723
17724
17725
17726
17727
17761
17728
17729
17730
17731
17732
17733
17734
17735
17735
14977
17736
17737
17738
17741
17739
17740
17741
17742
17743
17744
17745
17744
17745
17746
17747
17748
17749
17750
17751
17752
17753
17754
17755
17756
17757
12813
17758
17758
17759
17760
17762
17763
17764
17765
17766
17767
17768
17769
8912
163
8925
8933
8787
11092
11103
11112
19412
19581
16688
16689
16735
16690
16703
16690
16691
16692
16693
16694
16695
16696
16697
16698
16699
16700
16701
16702
16702
14977
16703
16704
16705
16706
16707
16708
16709
16710
16711
16729
16712
16713
8925
16713
16714
16715
16716
16717
16718
16719
16720
16721
16722
16723
16724
16725
16726
16727
16728
16730
16731
16732
16733
16734
16735
8912
163
12813
17758
8925
8933
8787
11092
11103
11112
19412
19689
18034
18035
18036
18037
18038
18039
18040
18041
18042
18043
18044
18045
18057
18046
18053
18047
18048
18049
18050
18051
18052
18053
18054
18054
14977
18055
18056
18058
18058
8787
18059
18060
18061
18062
18063
18064
18065
8912
163
12813
17758
8925
8933
11092
11103
11112
19412
15788
15789
15814
15793
15789
15790
15791
15792
15793
15814
15793
15793
15814
8787
15794
15795
15822
15795
15796
15797
15798
15799
15800
15801
15802
15803
15804
15805
15806
15807
15808
15809
15810
15811
15812
15813
15815
15816
15817
15818
15819
15820
15821
15823
15824
15825
15826
15827
15828
15829
15830
15831
15832
15833
15834
15835
19562
8912
163
12813
17758
8925
8933
14977
11092
11103
11112
19412
17952
17955
17957
17958
8912
163
12813
17758
8925
8933
14977
8787
11092
11103
11112
19412
17978
17979
17980
17981
17982
17983
17984
17985
8912
163
12813
17758
8925
8933
14977
8787
11092
11103
11112
19412
17970
17971
17972
17973
17974
17975
17976
17977
8912
163
12813
17758
8925
8933
14977
8787
11092
11103
11112
19412
17649
17645
17646
17647
17663
17647
17648
17650
17651
17652
17653
8925
17653
17654
17655
17656
17657
17658
17659
17660
17661
17671
17664
17661
17662
17664
17665
17666
17667
17668
17669
17670
17671
17672
8912
163
12813
17758
8925
8933
14977
8787
11092
11103
11112
19412
17616
17617
17617
8787
17618
17619
17620
17621
17622
17623
17627
17628
17629
8912
163
12813
17758
8925
8933
14977
11092
11103
11112
19412
16959
16947
16965
16948
16949
16950
16951
16952
16953
16954
16955
16956
16957
16958
16960
16975
16961
16961
16962
16984
16963
16964
16964
8787
16965
16965
14977
16966
16967
16968
16969
16970
16977
16970
16971
16987
16972
16972
16973
16974
16976
16978
16979
16980
16981
16982
16983
16985
16986
16988
16989
16990
16991
16992
16993
16994
8912
163
12813
17758
8925
8933
11092
11103
11112
19412
17019
17020
17021
17022
17023
17024
17025
17026
17027
17028
17029
17030
8912
163
12813
17758
8925
8933
14977
8787
11092
11103
11112
19412
16924
16925
16926
16927
16928
16929
16930
16931
16932
16933
16936
16937
16938
16939
8912
163
12813
17758
8925
8933
14977
8787
11092
11103
11112
19412
16583
16584
16589
16585
16584
16589
16585
16586
16587
16588
16589
16590
16591
16592
16593
16594
16595
16596
16597
16598
16599
16600
16601
16602
16603
16604
16605
16606
8912
163
12813
17758
8925
8933
14977
8787
11092
11103
11112
19412
16490
16491
16499
16492
16493
16494
16495
16496
16496
8787
16497
16498
16500
16501
16502
16503
16504
16505
16506
16507
16508
16509
8912
163
12813
17758
8925
8933
14977
11092
11103
11112
19412
16418
16419
16420
16421
16425
16421
16422
16423
16424
16425
8912
163
12813
17758
8925
8933
14977
8787
11092
11103
11112
19412
13900
13901
13902
13903
13904
13905
13906
13907
16262
13907
13908
13909
13910
13911
13912
13913
13914
13915
13915
14977
16259
16260
16261
8912
163
12813
17758
8925
8933
8787
11092
11103
11112
19412
15346
15347
15348
15349
15350
15351
15352
15353
15354
15355
8912
163
12813
17758
8925
8933
14977
8787
11092
11103
11112
19412
15559
15560
15561
15561
14977
15562
15563
15564
15564
8787
15565
15566
15582
8912
163
12813
17758
8925
8933
11092
11103
11112
19412
8912
8913
8914
8915
8928
8916
8917
8958
8949
8918
8918
8919
8920
8921
8922
8923
8924
8925
8926
8947
8927
8928
8929
8930
8931
8932
8933
8934
8935
8936
8937
8938
8939
8940
8941
8942
8943
8944
8945
8946
8947
8948
8949
8950
8951
8952
8953
8954
8955
8956
8957
8958
8959
163
12813
17758
14977
8787
11092
11103
11112
19412
7798
7799
7800
7801
7802
7803
7804
7805
7806
7807
7808
7809
7810
7811
7812
7813
8912
163
12813
17758
8925
8933
14977
8787
11092
11103
11112
19412
14750
14751
14752
14753
14754
14755
8912
163
12813
17758
8925
8933
14977
8787
11092
11103
11112
19412
14988
14981
14983
14981
14984
14985
14989
14978
14982
14976
14979
14976
14990
14991
14986
14980
14979
14987
14977
8912
163
12813
17758
8925
8933
8787
11092
11103
11112
19412
6005
6010
6005
6006
6006
8787
6007
6008
6009
6010
6011
6012
15165
15166
15167
8912
163
12813
17758
8925
8933
14977
11092
11103
11112
19412
13361
13362
13363
13364
13365
8912
163
12813
17758
8925
8933
14977
8787
11092
11103
11112
19412
14409
14410
14411
14412
14412
14425
14424
14413
14414
14434
14414
14415
14416
14417
14418
14419
14420
14421
14422
14423
14424
14424
8787
14425
14428
14429
14430
14433
8912
163
12813
17758
8925
8933
14977
11092
11103
11112
19412
14251
14219
14216
14208
14217
14210
14209
14249
14238
14237
14211
14210
14212
14213
14214
14213
14215
14218
14220
14236
14220
14241
14221
14222
14223
14224
14225
14231
14226
14227
14228
14229
14230
14244
14233
14230
14231
14232
14233
14234
14235
14236
14249
14238
14237
14239
14240
14241
14242
14243
14244
14245
14246
14247
14248
14249
14250
14252
14253
14254
14255
8912
163
12813
17758
8925
8933
14977
8787
11092
11103
11112
19412
19634
14084
14085
14087
14088
14090
14092
14094
14096
14151
8912
163
12813
17758
8925
8933
14977
8787
11092
11103
11112
19412
6262
6261
6262
6263
6284
6264
6265
6267
6266
6268
6269
6271
6270
6272
6287
6273
6293
6275
6274
6276
6277
6278
6279
6280
6281
6283
6282
6284
6285
6286
6287
6288
6289
6290
6291
6292
6294
6295
6296
6297
6298
6299
6300
6301
6302
6303
6304
6305
6306
6307
6308
8912
163
12813
17758
8925
8933
14977
8787
11092
11103
11112
19412
12296
12297
12298
12299
12300
12302
12300
12301
12302
12303
12304
12305
14977
12305
12306
12307
12329
12307
12308
12309
12329
12309
12310
12329
12311
12312
12313
12314
12315
12316
12317
12318
12319
12320
12321
12322
12323
12324
12331
12324
12325
12326
12327
12328
12329
12330
12331
12332
12333
12334
12335
12336
12337
12338
12339
12340
12341
12342
12343
19568
8912
163
12813
17758
8925
8933
8787
11092
11103
11112
19412
13916
13927
13920
13916
13917
13934
13917
13918
13919
13927
13920
13920
13921
13922
13929
13922
13923
13924
13925
13931
13925
13926
8925
13926
13927
13928
13929
13930
13931
13932
13933
13934
13935
8912
163
12813
17758
8925
8933
14977
8787
11092
11103
11112
19412
13825
13826
13828
13826
13827
13828
13829
14977
13829
13830
13831
13832
13833
13834
13835
13836
13837
13838
13839
13840
8912
163
12813
17758
8925
8933
8787
11092
11103
11112
19412
13674
13675
13676
13677
13678
13679
13680
13681
13682
13683
13684
13685
13684
13685
13686
13687
13688
13689
8912
163
12813
17758
8925
8933
14977
8787
11092
11103
11112
19412
13650
13651
13652
13653
13655
13654
13655
13656
13657
8912
163
12813
17758
8925
8933
14977
8787
11092
11103
11112
19412
13486
13483
13484
13485
13487
13488
13489
13499
13496
13489
13490
13491
13492
13493
13494
13495
13496
13497
13498
13499
13500
13501
13502
8912
163
12813
17758
8925
8933
14977
8787
11092
11103
11112
19412
5574
5575
8925
5575
5576
5577
8912
163
12813
17758
8925
8933
14977
8787
11092
11103
11112
19412
13163
13176
13164
13164
13165
13166
13167
13168
13169
13170
13171
13172
13185
13172
13188
13185
13172
13173
13174
13177
13178
13179
13180
13181
13182
13183
13184
13186
13187
13188
13189
13190
13191
8912
163
12813
17758
8925
8933
14977
8787
11092
11103
11112
19412
12992
12970
12971
12972
12973
12974
13001
12975
12975
19653
12981
12975
12976
12977
12978
12979
12980
12981
12982
13008
12982
12983
12993
12983
12984
12991
12984
12985
12996
12985
12986
12987
12988
12989
12990
12991
12992
12994
12995
14977
12995
12997
12998
12999
13000
13001
13002
13003
13004
13005
13006
13007
13008
13009
13010
13011
13012
13013
13014
13015
13016
13017
19653
19653
8787
8912
163
12813
17758
8925
8933
11092
11103
11112
19412
12966
12967
12968
16813
12969
13360
13066
13066
16554
13360
13066
13175
13897
13175
16736
13175
15070
13175
16940
16736
13175
13281
13360
13429
13482
13551
17642
13551
13690
14654
13690
8925
14654
13690
18067
13690
13747
15464
13747
15691
15464
13747
13824
13897
13938
14183
14019
14019
14992
14019
14183
17818
14183
17951
14320
14320
14509
14654
18294
15070
15196
15249
15366
15463
15691
15691
8787
16077
16078
16369
16554
16655
16736
16809
17642
16810
16810
16811
16812
16940
17191
17642
17721
17951
18067
18511
18780
19041
19203
8912
163
12813
17758
8925
8933
14977
11092
11103
11112
19412
12894
12909
12895
12896
12899
12896
12896
12899
8787
12908
12899
12896
12897
12898
12900
12901
12902
12917
12902
12903
12904
12912
12905
12905
12906
12907
12908
12915
12910
12910
12911
12912
12913
12917
12914
12914
12916
12917
8912
163
12813
17758
8925
8933
14977
11092
11103
11112
19412
12814
12815
14977
12815
12816
12817
12832
12818
12818
12832
8787
12832
12825
12818
12819
12820
12821
12822
12823
12824
12825
12826
12827
12828
12829
12830
12831
12832
12833
12834
12835
12836
12837
12838
12839
12840
12841
15197
15198
15199
15200
8912
163
12813
17758
8925
8933
11092
11103
11112
19412
12419
12420
12421
12422
12423
12459
12448
12424
12425
12426
12460
12427
12428
12429
12430
12431
12432
12433
12434
12435
12436
12437
12438
12439
12440
12441
12442
12443
12444
12454
12444
12445
12446
12447
12449
12450
12451
12452
12453
12454
12455
12456
12457
12458
12459
12460
12461
12462
12463
12464
12465
12466
8912
163
12813
17758
8925
8933
14977
8787
11092
11103
11112
19412
19554
8780
8783
8785
8787
8788
8790
8791
8792
8793
8912
163
12813
17758
8925
8933
14977
11092
11103
11112
19412
12549
12548
12550
12551
14977
12551
12552
12553
12554
12555
8912
163
12813
17758
8925
8933
8787
11092
11103
11112
19412
12395
12396
12397
12398
8912
163
12813
17758
8925
8933
14977
8787
11092
11103
11112
19412
16367
12115
12116
12117
16366
15066
12117
12118
12119
12120
12121
12122
57295
16365
13425
13426
13427
13428
14977
13428
14687
14688
14689
14690
14691
14692
15069
14693
14694
15066
15067
15068
15687
15688
15689
15690
16365
57295
16365
16366
8787
16366
16368
16942
16943
16944
16945
16946
19682
19684
19683
19682
19683
19684
55492
58172
67321
79388
8912
163
12813
17758
8925
8933
11092
11103
11112
19412
11990
11991
11992
11993
11994
11995
11996
12017
11996
11997
11998
11999
12000
12001
12002
12003
12004
12005
12006
12008
12009
12010
12011
12012
12013
12014
12015
12016
12017
8912
163
12813
17758
8925
8933
14977
8787
11092
11103
11112
19412
11118
11119
11120
8787
11120
11121
8912
163
12813
17758
8925
8933
14977
11092
11103
11112
19412
11103
11090
11090
11091
11092
11286
11094
11095
11096
11097
11098
11099
11100
11101
11102
11103
11104
11105
11112
11106
11107
11108
11109
11110
11111
11112
11113
11114
11115
11116
11117
8912
163
12813
17758
8925
8933
14977
8787
19412
10671
10681
10672
10683
10678
10672
10672
10673
10674
10675
10676
10677
10678
10679
10680
10681
10682
10683
10684
10685
10686
10687
10688
10689
10690
10691
10692
10693
10694
8912
163
12813
17758
8925
8933
14977
8787
11092
11103
11112
19412
10575
10576
10577
10592
10578
10617
10579
10580
10581
10582
10614
10583
10583
10584
10585
10603
10586
10587
10604
10588
10588
10589
10606
10590
10591
10593
14977
10593
10594
10595
10596
10597
10598
10599
10600
10601
10602
10610
10604
10612
10604
10604
10605
10606
10607
10608
10609
10611
10612
10613
10615
10616
10618
10619
10620
10621
10622
8912
163
12813
17758
8925
8933
8787
11092
11103
11112
19412
10223
10224
10225
10226
10227
10228
10229
10230
10239
10230
10231
10235
10236
10237
10238
10240
10241
10242
10243
10249
8912
163
12813
17758
8925
8933
14977
8787
11092
11103
11112
19412
10452
10454
10458
10461
10462
10459
10456
10453
10457
10455
10463
10460
8912
163
12813
17758
8925
8933
14977
8787
11092
11103
11112
19412
9441
9442
9455
9443
9443
9444
9445
9446
9447
9448
8787
9448
9449
9450
9451
9452
9453
9454
9456
9457
9458
9459
9460
9461
9462
9463
9464
9465
9466
9467
9468
8912
163
12813
17758
8925
8933
14977
11092
11103
11112
19412
9409
9435
9410
9411
9412
9413
9414
9415
9416
9417
9418
9419
9420
9421
9422
9423
9424
9425
9426
9427
9428
9429
9430
9431
9432
9433
9434
9436
9437
9438
9439
9440
8912
163
12813
17758
8925
8933
14977
8787
11092
11103
11112
19412
19796
8748
8749
8750
8751
8752
8753
8754
8755
14977
8755
8756
8757
8758
8759
8776
8760
8760
8761
8762
8763
8764
8765
8766
8767
8774
8767
8768
8769
8770
8771
8772
8773
8775
8776
8777
8778
8779
8912
163
12813
17758
8925
8933
8787
11092
11103
11112
19412
9755
9756
9757
9758
9759
9760
9761
9762
8912
163
12813
17758
8925
8933
14977
8787
11092
11103
11112
19412
8804
8805
8806
8807
8912
163
12813
17758
8925
8933
14977
8787
11092
11103
11112
19412
9048
9049
9050
9051
9052
9053
9054
9064
9055
9055
9056
9057
9058
9059
9060
9061
9062
9063
9065
9066
9067
8912
163
12813
17758
8925
8933
14977
8787
11092
11103
11112
19412
9008
9009
9011
9010
9012
9013
9014
9015
9016
9017
9018
9019
9020
9021
9022
9023
9024
9025
9026
9027
9028
9029
9030
9031
9032
9033
9034
9035
9036
9037
9038
9039
9040
9041
9042
9043
9044
9045
9046
8787
9046
9047
8912
163
12813
17758
8925
8933
14977
11092
11103
11112
19412
2158
2159
2160
2161
2162
2163
2164
2165
2166
2181
2167
2168
2169
2170
2171
2172
2173
2174
2175
2176
2177
2178
2179
2180
8912
163
12813
17758
8925
8933
14977
8787
11092
11103
11112
19412
8619
8633
8620
8620
8635
8620
8621
8622
8623
8624
8625
8626
8627
8628
8629
8630
8631
8632
8633
8634
8635
8637
8912
163
12813
17758
8925
8933
14977
8787
11092
11103
11112
19412
4483
4484
4485
4486
4487
4488
4489
4490
4491
4492
4493
4494
4495
4496
4497
4498
4499
4500
4501
4502
4503
4504
4505
4506
8912
163
12813
17758
8925
8933
14977
8787
11092
11103
11112
19412
8202
8203
8204
8787
8204
8205
8206
8207
8208
8209
8210
8211
8212
8213
8214
8215
8216
8217
8350
8351
8352
8353
8912
163
12813
17758
8925
8933
14977
11092
11103
11112
19412
8354
8355
8356
8357
8358
8359
8360
8366
8361
8361
8362
8367
8364
8362
8366
8362
8363
8365
8367
8368
8369
8912
163
12813
17758
8925
8933
14977
8787
11092
11103
11112
19412
8326
8327
8328
8337
8329
8328
8329
8328
8337
8328
10963
8329
8329
8330
8331
8332
10023
9650
8333
8334
8335
8336
12813
8337
8615
8616
8796
8617
14977
8796
8617
8618
8797
8798
8799
8800
8801
8802
10962
8803
9649
9651
9652
10024
10275
10276
10401
10464
10465
10466
10775
10960
10961
10962
11287
11434
11747
11748
12114
12394
12547
12620
12813
17758
12813
12842
12843
8912
163
8925
8933
8787
11092
11103
11112
19412
7862
7863
7864
8787
7864
7865
8912
163
12813
17758
8925
8933
14977
11092
11103
11112
19412
5454
5455
5460
5461
5462
5463
5466
5467
5474
5475
8912
163
12813
17758
8925
8933
14977
8787
11092
11103
11112
19412
6552
6553
6554
6555
6556
6557
6558
6565
6558
6559
6560
6561
6562
6563
6564
6565
6566
6567
6568
6569
6570
6571
8912
163
12813
17758
8925
8933
14977
8787
11092
11103
11112
19412
6218
6220
6227
6231
8912
163
12813
17758
8925
8933
14977
8787
11092
11103
11112
19412
6157
6158
6159
6160
6161
6162
6163
6164
14977
6164
6165
6166
6167
6168
6169
6170
6171
6178
6172
6172
6173
6174
6175
6176
6177
6178
6179
6180
8912
163
12813
17758
8925
8933
8787
11092
11103
11112
19412
5985
5986
5987
5988
5989
5990
5991
5992
5993
5994
5999
5998
5994
5995
5996
5997
5999
6000
8912
163
12813
17758
8925
8933
14977
8787
11092
11103
11112
19412
5128
5130
5136
5145
8912
163
12813
17758
8925
8933
14977
8787
11092
11103
11112
19412
4639
4640
4641
4642
4643
4644
4645
4646
4647
4648
4649
4650
4651
4652
4653
4654
4655
4656
4657
4658
4659
4660
4661
4662
8912
163
12813
17758
8925
8933
14977
8787
11092
11103
11112
19412
4663
4664
4665
4666
4667
4668
4670
4671
8912
163
12813
17758
8925
8933
14977
8787
11092
11103
11112
19412
4551
4552
4553
4554
4555
4556
4557
4558
4559
4560
4561
4573
4562
4563
4564
4565
4566
4567
4568
4569
4570
4571
4579
4572
4574
4575
4576
4577
4578
4580
4581
4582
8912
163
12813
17758
8925
8933
14977
8787
11092
11103
11112
19412
4515
4522
4525
4535
4539
8912
163
12813
17758
8925
8933
14977
8787
11092
11103
11112
19412
4323
4324
4325
4344
4331
4325
4326
4327
4328
4329
4330
4347
4331
4332
4333
4334
4335
4336
4337
4338
4339
4340
4341
4342
4343
4344
4345
4346
4348
4349
4350
4351
4352
4353
4354
8912
163
12813
17758
8925
8933
14977
8787
11092
11103
11112
19412
4172
4173
4174
4175
4176
4189
4177
4178
4179
4180
4181
4182
4183
4184
4185
4186
4187
4188
4190
4191
4192
4193
4194
4195
8912
163
12813
17758
8925
8933
14977
8787
11092
11103
11112
19412
3773
3774
3775
3776
3777
3778
3779
3780
3781
3784
3781
3782
3783
3784
3785
3786
3787
3788
3789
3790
3791
3792
3793
3794
3795
3796
3797
3798
3799
3800
3801
3802
3804
3803
8912
163
12813
17758
8925
8933
14977
8787
11092
11103
11112
19412
2920
2921
2922
2923
2924
2925
2926
2927
3000
3001
3002
3003
3004
3005
3006
3007
8912
163
12813
17758
8925
8933
14977
8787
11092
11103
11112
19412
3461
3462
3463
3464
3465
3466
3467
3468
3469
3470
3471
3472
3473
3474
3475
3476
3477
3478
3479
3480
3481
3482
3483
3484
8912
163
12813
17758
8925
8933
14977
8787
11092
11103
11112
19412
3670
3671
3672
3673
3674
3675
3676
3677
3686
3687
3688
3689
3690
3691
3692
3693
8912
163
12813
17758
8925
8933
14977
8787
11092
11103
11112
19412
2466
2467
2468
2469
2470
2471
2472
2473
2474
2475
2476
2477
2478
2479
2480
2481
8912
163
12813
17758
8925
8933
14977
8787
11092
11103
11112
19412
3357
3358
3359
3360
3361
3362
3363
3364
3365
3366
3367
3368
3369
3370
3371
3372
3373
3374
3375
3376
3377
3378
3379
3380
3381
3382
3383
3384
3385
3386
3387
3388
8912
163
12813
17758
8925
8933
14977
8787
11092
11103
11112
19412
2066
2046
2046
3067
3064
2046
2047
2048
2049
2061
2049
2050
2051
2052
2059
3064
3065
3068
3064
3064
2054
2055
2056
2060
2061
2062
2063
2064
2065
2066
2068
2069
3066
4918
3066
2058
3069
3070
4915
4916
4917
8912
163
12813
17758
8925
8933
14977
8787
11092
11103
11112
19412
215
229
232
232
231
217
211
214
218
224
225
209
226
223
210
220
222
213
227
212
228
219
216
216
219
228
337
338
8912
163
12813
17758
8925
8933
14977
8787
11092
11103
11112
19412
124
102
103
128
107
101
124
101
105
126
112
113
110
108
111
109
114
115
116
100
119
98
122
117
118
99
125
121
128
104
127
106
120
123
97
8912
163
12813
17758
8925
8933
14977
8787
11092
11103
11112
19412
134
140
145
136
143
151
148
163
144
144
142
129
142
137
135
133
149
133
160
138
156
150
153
161
141
153
149
147
141
159
164
161
130
168
132
146
152
139
155
131
154
162
163
158
167
129
166
168
157
165
8912
12813
17758
8925
8933
14977
8787
11092
11103
11112
19412
4859
4860
4863
4865
4868
4871
4874
4878
8912
163
12813
17758
8925
8933
14977
8787
11092
11103
11112
19412
8282
8283
8284
8285
8286
8287
8290
8288
8289
8291
8292
8293
8294
8295
8296
8297
8298
8299
8300
8301
8302
8303
8304
8305
8912
163
12813
17758
8925
8933
14977
8787
11092
11103
11112
19412
